2 0.560547 0.606445 0.101562 0.0703125 0.0111603
0 0.436523 0.118164 0.171875 0.0957031 0.0129796
0 0.980957 0.148438 0.0361328 0.0527344 0.0176555
2 0.213867 0.858398 0.123047 0.0605469 0.0197286
0 0.158691 0.367188 0.235352 0.107422 0.0208388
2 0.212402 0.107422 0.145508 0.0703125 0.0252151
2 0.21582 0.355469 0.113281 0.0683594 0.0566378
2 0.872559 0.856445 0.151367 0.0859375 0.063584
0 0.15918 0.116211 0.246094 0.0976562 0.0645471
2 0.538086 0.856445 0.150391 0.0761719 0.0732705
0 0.154785 0.869141 0.245117 0.0859375 0.0950898
0 0.495117 0.865723 0.242188 0.0947266 0.14887
0 0.819336 0.615234 0.236328 0.0859375 0.167589
0 0.826172 0.120605 0.232422 0.0791016 0.240369
2 0.53125 0.0966797 0.0957031 0.0761719 0.24283
0 0.829102 0.86377 0.236328 0.102539 0.265307
0 0.485352 0.617676 0.238281 0.0888672 0.366437
0 0.5 0.375 0.230469 0.0703125 0.54961
0 0.15332 0.620605 0.248047 0.0830078 0.574223
0 0.820801 0.362793 0.239258 0.0966797 0.696055
